660189.4398     84751.8078
660190.8393     84752.2324
660191.6131     84753.4379
660193.4401     84756.4525
660196.0257     84758.7040
660196.1974     84762.3803
660196.0421     84764.1467
660197.1619     84770.7741
660197.3913     84774.0430
660197.3334     84776.0984
660197.1000     84777.5119
660196.0729     84781.2803
660194.7815     84784.7138
660193.5405     84786.8627
660192.0698     84788.2351
660189.8693     84789.1259
660187.2203     84789.4125
660184.9682     84789.1193
660182.9782     84788.5170
660180.0258     84787.4248
660176.5027     84785.8293
660174.7114     84784.7107
660173.3554     84783.1646
660172.4420     84780.6857
660172.1036     84778.1314
660172.1098     84776.0003
660172.4056     84773.2841
660172.8054     84771.0762
660173.5992     84768.1782
660174.5606     84765.7208
660175.6855     84763.6197
660177.0973     84761.6200
660181.0064     84757.6966
660181.9963     84756.2515
660182.7558     84754.4110
660186.0068     84752.0211
660189.4398     84751.8078
