660212.4507     84753.9477
660212.9678     84752.8096
660214.0020     84750.5336
660215.0363     84748.2576
660216.0705     84745.9815
660217.1055     84743.7058
660218.1407     84741.4302
660219.1759     84739.1546
660220.2075     84736.8774
660221.2358     84734.5987
660222.2641     84732.3199
660223.2924     84730.0412
660224.3206     84727.7624
660225.3489     84725.4837
660226.3772     84723.2050
660227.4054     84720.9262
660227.7642     84720.1311
660226.2785     84719.4663
660223.9965     84718.4453
660221.7145     84717.4243
660219.4325     84716.4032
660217.1514     84715.3803
660214.8719     84714.3537
660212.5924     84713.3271
660210.3132     84712.2998
660208.0349     84711.2705
660205.7566     84710.2413
660203.4784     84709.2120
660198.9184     84707.1609
660196.6377     84706.1369
660194.3571     84705.1130
660192.0764     84704.0389
660189.7955     84703.0654
660187.5135     84702.0444
660185.2315     84701.0234
660182.9495     84700.0024
660180.6675     84698.9814
660178.3855     84697.9604
660176.1035     84696.9395
660175.0498     84699.1863
660174.0053     84701.4576
660172.9609     84703.7290
660171.9165     84706.0004
660170.8720     84708.2717
660169.8276     84710.5431
660168.7831     84712.8145
660168.2465     84713.9815
