660153.1550     84746.8323
660158.4732     84735.1372
660158.6921     84735.2117
660157.6669     84737.4662
660166.3394     84741.4148
660167.3640     84739.1756
660167.5380     84739.2597
660166.5156     84741.4940
660172.7975     84744.3184
660173.8106     84742.0865
660174.0268     84742.1845
660173.0220     84744.4193
660171.4461     84747.9243
660170.0084     84750.9528
660168.5019     84754.2377
660167.0132     84757.5086
660165.5307     84760.7836
660164.0828     84764.0729
660162.8557     84766.8161
660156.2038     84763.7933
660154.7069     84763.1166
660151.9743     84761.8785
