660201.5100     84718.3241
660202.1934     84716.9904
660203.1215     84715.9036
660204.2543     84715.7064
660206.1038     84716.0968
660215.3265     84720.2349
660216.3523     84720.8787
660217.7461     84722.4633
660218.2856     84723.5892
660218.2817     84724.2933
660217.8442     84724.8526
660216.5684     84725.1067
660215.6412     84724.5475
660213.8451     84723.2080
660210.4580     84723.1024
660207.9918     84724.5715
660207.0299     84725.3774
660205.8146     84725.7085
660200.2025     84726.1530
660198.8911     84725.3265
660199.0511     84723.9310
660201.5100     84718.3241
