660196.0434     84730.4850
660196.7891     84728.9024
660197.3314     84728.3574
660198.2329     84728.1188
660198.8401     84728.0768
660204.2764     84727.6357
660205.2153     84728.1838
660205.4494     84729.7929
660204.4360     84730.6314
660201.8056     84733.7115
660201.0458     84736.6448
660201.4701     84739.6454
660204.4728     84743.0685
660208.1255     84743.8036
660208.8705     84743.9536
660209.1126     84744.2558
660209.1465     84744.5854
660207.8994     84747.3496
660205.8332     84748.8989
660202.7924     84748.4527
660196.2343     84745.4738
660195.2303     84744.3720
660194.4342     84742.4638
660193.6177     84739.8493
660193.4683     84737.9742
660194.0533     84734.9755
660196.0434     84730.4850
