660213.2132     84724.8648
660214.9261     84726.4727
660215.3994     84727.6927
660215.7327     84729.4844
660215.6811     84730.2927
660211.2771     84739.9164
660209.9563     84741.4562
660208.9689     84741.9631
660208.5228     84742.0379
660206.4964     84741.8445
660204.6193     84741.0007
660203.3193     84739.3979
660202.7384     84737.4177
660203.2641     84734.6307
660205.0232     84732.4676
660207.4476     84730.5827
660208.8015     84728.8567
660209.1849     84726.6987
660209.9497     84725.2901
660213.2132     84724.8648
