  0.0000000000000000e+000  0.0000000000000000e+000  0.0000000000000000e+000
 -1.0185780725633060e-001  0.0000000000000000e+000  0.0000000000000000e+000
  1.0281750226287791e-001 -2.0563500452575584e-001 -1.0185780725633060e-001
  0.0000000000000000e+000  0.0000000000000000e+000 -2.0467530951920854e-001
  1.0281750226287793e-001  0.0000000000000000e+000 -2.0467530951920854e-001
 -1.0185780725633060e-001  2.0371561451266121e-001 -1.0185780725633060e-001
 -5.8722277053000302e-002  0.0000000000000000e+000  0.0000000000000000e+000
  5.0756634935847561e-002 -1.1611959774227321e-001 -5.8722277053000302e-002
  4.4449091294146051e-002 -1.4545979825123689e-002 -1.2408523985942595e-001
  1.8908533517279960e-002  7.5273594873123628e-002 -9.4182128390403588e-002
 -2.8155399768304701e-001  3.4005427579615288e-001  0.0000000000000000e+000
 -5.6213359292020051e-002 -1.6966644654669058e-001  5.8500278113105895e-002
  3.3004564473303166e-001 -2.7331883557011455e-001 -1.6737952772560472e-001
 -1.9390323865002079e-001  4.4094602523983373e-001 -1.1065271856268763e-001
 -1.3944056448735379e-002  5.7687488469119377e-002  1.3639006802712528e-001
 -4.4684147814216785e-002  2.8663162739123671e-002  1.8013350004750928e-001
  3.3099884475193457e-002 -5.3286573050314943e-002  1.6411251497241616e-001
 -2.9037390376912542e-001  1.0860126880584143e-002  1.4392582639729468e-001
  4.4368111605495819e-001 -5.7124115808526521e-001 -1.3558795049124658e-001
 -1.0549942961203335e-001  3.1604458224061477e-001 -2.6314799252155358e-001
 -5.2602839892972146e-002  1.0520567978594429e-001 -5.2602839892972146e-002
  0.0000000000000000e+000  0.0000000000000000e+000  0.0000000000000000e+000
 -1.2020954898067174e-001  0.0000000000000000e+000  0.0000000000000000e+000
  1.2107664388292350e-001 -2.4215328776584702e-001 -1.2020954898067174e-001
  0.0000000000000000e+000  0.0000000000000000e+000 -2.4128619286359526e-001
  1.2107664388292352e-001  0.0000000000000000e+000 -2.4128619286359526e-001
 -1.2020954898067174e-001  2.4041909796134348e-001 -1.2020954898067174e-001
  0.0000000000000000e+000  0.0000000000000000e+000  0.0000000000000000e+000
 -9.3848699575641917e-002  0.0000000000000000e+000  0.0000000000000000e+000
  9.4146204729583585e-002 -1.8829240945916717e-001 -9.3848699575641917e-002
  0.0000000000000000e+000  0.0000000000000000e+000 -1.8799490430522550e-001
  9.4146204729583585e-002  0.0000000000000000e+000 -1.8799490430522550e-001
 -9.3848699575641917e-002  1.8769739915128383e-001 -9.3848699575641917e-002
 -0.0000000000000000e+000  0.0000000000000000e+000  0.0000000000000000e+000
  0.0000000000000000e+000  0.0000000000000000e+000 -0.0000000000000000e+000
  0.0000000000000000e+000  0.0000000000000000e+000  0.0000000000000000e+000
 -9.0358078631917388e-002  0.0000000000000000e+000  0.0000000000000000e+000
  9.0816237309945841e-002 -1.8163247461989168e-001 -9.0358078631917388e-002
  0.0000000000000000e+000  0.0000000000000000e+000 -1.8117431594186323e-001
  9.0816237309945841e-002  0.0000000000000000e+000 -1.8117431594186323e-001
 -9.0358078631917360e-002  1.8071615726383475e-001 -9.0358078631917388e-002
