 -4.8663063325491862e-002  1.7518702737760350e-001 -2.1898378318218192e-001  9.7326125165537292e-002 -0.0000000000000000e+000 -0.0000000000000000e+000 -8.2172812625706708e+000  1.7448427093401551e+002
  1.6312350239571227e-003 -3.5452566911740035e-003  2.3024082028806347e-003  5.8489672994668895e-002 -3.8203600628279887e-005 -1.4653086692960494e-003 -1.1718993728529286e+000  1.6627185597748030e+002
  9.4059548385896363e-003 -1.0902341385836678e-002 -2.7884914924920068e-002 -1.1170608885886946e-002  2.4473008512733468e-001  3.6370705396562109e-001 -9.4634334517328578e-001  1.6515733115188777e+002
  8.5038847347651991e-002 -2.6910308331790844e-001  2.9768035868711618e-001 -1.4277539442024834e-001  0.0000000000000000e+000  6.6889901770601701e-001  3.0718025610952709e-001  1.6477884427784011e+002
 -5.2827532109318232e-002  1.1327286044510343e-001  3.7892759540698595e-002 -2.2538642354868699e-001 -2.3514263183692353e-003  6.2073143869836345e-001  1.6562117302672072e+000  1.6572576427995227e+002
  3.0460815513620787e-002 -1.1734505935564243e-001  1.6013204033109218e-001 -5.2229516902706052e-002 -1.1162969156405854e-001  1.6744453734608908e-001  2.4558796707525192e+000  1.6787400377960876e+002
 -4.5468075959669008e-005  2.2498920810545830e-004 -4.2016972531042085e-004  2.4241481479946314e-003  6.2961204968609442e-007  3.5846576440924137e-005  1.0607692562706086e+000  1.7040671657572966e+002
 -3.6233699460319624e-005  9.4976074674865685e-004 -1.3479578127361391e-003 -2.9182304528869857e-003  8.1186741454836193e-003  1.1994867240556290e-002  1.0574218509828714e+000  1.7146970580774359e+002
  1.1582636877121785e-004 -2.6263100965645964e-003  8.7808695459261621e-003 -1.0383256349732611e-002  6.1788208777415962e-004  1.7388473230030579e-002  1.0880501484030141e+000  1.7254387298144866e+002
  7.5428577144286569e-005 -1.7446505742278544e-003  5.0380779832757770e-003 -4.3880052195177863e-003 -1.5825765542755671e-003  5.8046590992203760e-003  1.1254549727794623e+000  1.7364580854773521e+002
 -8.4690633549544501e-003  5.0974532610906557e-002 -4.9802168934736990e-002 -2.0814581792984954e-002 -2.1596346174603875e-002  5.5681806430901704e-004  3.3973449204003709e+000  1.7477451003852198e+002
  7.7691676558894751e-002 -2.8544876689173471e-001  3.6684282484081199e-001 -1.7829627134598125e-001  6.2764918412528292e-002 -2.9042793384091103e-002  2.4608837602391342e+000  1.7812357721753060e+002
  1.7138968045969427e-002 -8.0600243419412257e-002  2.1906995073177477e-001 -2.7745407566362079e-001  5.1536357097842322e-002  7.2259233051999383e-002  2.4716367083431647e+000  1.8059770114160372e+002
  1.1017135862611993e-001 -3.4334552487795666e-001  3.4719670596542995e-001 -1.5683898044902733e-001  1.7878302834616511e-001 -1.3459353517445383e-001  2.7273963414343072e+000  1.8307128803979143e+002
  1.8870959381646202e-001 -6.2513187809734916e-001  7.6380287041622141e-001 -4.4281793982220563e-001  1.6049202944661823e-002  1.1048971472850357e-001  3.0525073936167977e+000  1.8580005743366200e+002
  1.4979606766486864e-001 -5.5404320960756159e-001  7.9385115051182620e-001 -5.0487788809994427e-001 -1.3924150148089424e-002 -2.5683889206035820e-001  2.8237516359394204e+000  1.8886328547250014e+002
  6.3750213946728307e-002 -2.4059132567565644e-001  3.3886009942301509e-001 -2.1690687190140734e-001  4.7002616697318762e-002 -4.2584946151868019e-001  1.7093348742886643e+000  1.9130167340487242e+002
  6.2589590525524708e-003 -2.5666848200554870e-002  3.8362839793276038e-002  9.4607878250699384e-002 -1.4588279798642995e-002 -3.3116435876762651e-001  6.8986159283087600e-001  1.9257581787859090e+002
  2.0319847219210985e-002 -2.3894442694310847e-002  6.0293215525586419e-004 -2.1453380504407749e-001  4.5428150403992190e-001  3.2324405094998748e-001  4.4494441568870130e-001  1.9303350674628746e+002
 -7.6973385618695600e-002  1.8510057176641370e-001 -7.0783183433611341e-002 -3.9668049071490408e-002 -1.7949706925949493e-001  4.4201453040661254e-001  1.5890767745195336e+000  1.9403786812629551e+002
  4.2676162309902566e-003 -1.6435907683487017e-002  2.2421740795266487e-002 -1.8075424437924426e-003 -3.7635652592113933e-002  5.6453478888171073e-002  1.9858914908395449e+000  1.9588783471286297e+002
  1.4265119297363071e-005 -5.1354423931115889e-005  6.4193020250513655e-005 -2.8530224774669932e-005  0.0000000000000000e+000  0.0000000000000000e+000  3.8763246391458011e+000  1.9790098993689753e+002
 -2.4641718096251597e-003  7.3813004729783582e-003 -7.9380360439993414e-003  1.9874931837493559e-002  2.4053339332412682e-005  2.1909357003794547e-003  1.9850684539799763e+000  2.0177731314953417e+002
  7.4662460557838872e-003 -1.4911014302536829e-002  3.8120835430384692e-002 -1.0251959664252741e-001  6.1378660869770396e-002  9.2651109183795738e-002  2.0677311920665624e+000  2.0378145061701071e+002
  1.5755059819836625e-001 -5.5907089571903690e-001  7.3292551746834445e-001 -4.1552704931139095e-001  0.0000000000000000e+000 -5.7347224761070500e-002  2.0641808681800113e+000  2.0593135873647407e+002
  1.3857079435918296e-002 -8.6420835951903641e-002  1.9684465562987974e-001 -1.3171734512816258e-001 -2.4402553525384840e-002 -3.3021964261917330e-001  1.7877828391230033e+000  2.0785407055052929e+002
  1.1379472617717212e-002 -4.3709828681290475e-002  5.9438808552229716e-002 -7.0607985627377801e-002  1.6395888899277714e-001 -2.4593833348916663e-001  1.0785742161744947e+000  2.0927978224738035e+002
  3.3131700567523126e-002 -1.1927412199855780e-001  1.4909265242010861e-001 -6.6263401023576307e-002  0.0000000000000000e+000  0.0000000000000000e+000  8.2738590419627922e+000  2.1023287748591974e+002
 -2.1929662266428895e-003  5.4190683004726736e-003 -4.1883015019372749e-003 -5.6974267358227637e-002  5.7042971702626159e-005  1.5197734916978277e-003  1.1809198633886508e+000  2.1850342335784808e+002
 -7.4078932324677105e-003  7.2889580307808899e-003  2.6630369809874210e-002  1.3634100077473565e-002 -2.3565109708779308e-001 -3.5239206414543389e-001  9.5386370040579216e-001  2.1962798357091378e+002
 -8.3746365771505626e-002  2.6324646696013954e-001 -2.8784132948465313e-001  1.3615168941162814e-001  0.0000000000000000e+000 -7.1224782289874788e-001 -2.7076009707080301e-001  2.2003397324262187e+002
  2.7106430623806466e-002 -2.9775272417885912e-002 -1.2047482037530077e-001  2.4241058207682920e-001  1.3913267894118096e-003 -6.1170105419836129e-001 -1.6344374899210639e+000  2.1907877578376792e+002
 -2.7507959097690104e-002  1.0597666141313766e-001 -1.4462984192391559e-001  4.2008822994709760e-002  1.2150846741702158e-001 -1.8226270112553242e-001 -2.4581625075427871e+000  2.1695332641305868e+002
  1.3145398833174227e-003 -4.8068650573611649e-003  6.1389939072284960e-003 -2.8153834602449024e-003  0.0000000000000000e+000  0.0000000000000000e+000 -6.0899509435437986e+000  2.1441025735519361e+002
  2.6078438816625749e-003 -8.7189343269074016e-003  9.7273865261513492e-003 -3.5424286455167930e-003  0.0000000000000000e+000 -0.0000000000000000e+000 -1.2073394994186065e+001  2.0832013769692276e+002
  2.9078173681682529e-003 -1.0468142514810097e-002  1.3085178125209040e-002 -5.8156347101032679e-003  0.0000000000000000e+000  0.0000000000000000e+000 -1.0490316292031816e+001  1.9624681657017209e+002
  9.5584190054470719e-004 -1.0035777036654370e-003 -1.1980124719714880e-003 -2.1032045112359787e-002  4.9697025288493612e-005 -3.4207385036834062e-003 -2.6259777657852226e+000  1.8575620949640870e+002
 -9.6332966937264231e-003  1.9887208439919091e-002 -5.2011691177373143e-002  1.3687380239527597e-001 -8.2815871516837877e-002 -1.2475386908319544e-001 -2.7312716735925586e+000  1.8310458289575763e+002
 -2.1239231306232642e-001  7.5343904323468092e-001 -9.8734206130489088e-001  5.5959267638422494e-001 -0.0000000000000000e+000  7.0273111908419006e-002 -2.7601939860066440e+000  1.8026084359781817e+002
 -1.6971825799153351e-002  1.0761092527609595e-001 -2.4785214325586757e-001  1.6507545283083158e-001  3.4636709168906619e-002  4.2977139484005267e-001 -2.3802929797074621e+000  1.7768422006897163e+002
 -1.5302709597129649e-002  5.8782987336151393e-002 -7.9941891546496890e-002  9.3758583207854684e-002 -2.1568032818967903e-001  3.2352049228451862e-001 -1.4570784321327463e+000  1.7577621223265305e+002
