 -2.3107156579442290e-002  8.3185763403889723e-002 -1.0398220376123390e-001  4.6214312453798811e-002  0.0000000000000000e+000  0.0000000000000000e+000  1.7299098456741067e+001  9.1381516741821542e+000
 -7.9764169424900722e-005 -1.4003130847952683e-003  2.8417481467406525e-003  2.2525504665534712e-002  8.0484988860446866e-005  3.0870219033257333e-003  2.4688852992514225e+000  2.6439560846440145e+001
  1.9225568161005957e-003  8.3796837745573338e-003  2.1271365882235660e-002 -1.3568835126533740e-001  8.8717277465783798e-002  1.3284204884902201e-001  2.5898535786735684e+000  2.8935500828141812e+001
  2.1131964110736989e-001 -7.5110089184125339e-001  9.8688623573857104e-001 -5.6075798982968417e-001  0.0000000000000000e+000 -8.0660092418199006e-002  2.5473882487640873e+000  3.1642798988337745e+001
  3.2176015733918595e-002 -1.9334827806864396e-001  4.1400489961175335e-001 -2.9382216481630907e-001 -2.9238427254207580e-003 -4.6620356569937632e-001  2.2006147012961792e+000  3.3995874139858643e+001
  1.4347338494170359e-002 -5.5078559499243340e-002  7.4847445984453032e-002 -9.4266435950052241e-002  2.2800562664457680e-001 -3.4200843996686325e-001  1.2023786175763851e+000  3.5686371905190754e+001
 -3.4781289709906460e-005  1.3868712448550369e-004 -2.1227590149208719e-004 -5.7997674398161392e-003  2.3874401791149935e-007  1.3592744440238652e-005  4.0223549477063214e-001  3.6714597498474177e+001
 -1.4235127192230301e-004  6.0992586175767638e-004 -5.9134894778667402e-004  4.6204973353279333e-003 -2.2939586802100467e-002 -3.4944331959889233e-002  3.7432648063580776e-001  3.7110938687226735e+001
  3.5308653387328137e-004 -1.7583272437620145e-003  3.2998651082798425e-003  1.9848342172263944e-003 -2.9453178772728995e-003 -7.5433600639648241e-002  2.5271505768661490e-001  3.7431877972077928e+001
  9.6227749032805343e-005 -4.4768723878063632e-004  7.6305607920756913e-004  1.5172089695208238e-003  1.5975517833889230e-002 -5.9944471210192064e-002  1.1068754737659103e-001  3.7610093569863238e+001
  3.7155892958562475e-003 -4.2831053212748493e-003 -2.4558146169817441e-003 -2.7186348098380364e-001  6.5494795960121599e-001  1.7335907802396022e-005  1.4009757505789189e-001  3.7678740969422506e+001
  2.1280943730572099e-002 -8.1393097599160358e-002  1.1199573991559730e-001 -9.5412652599276671e-002 -1.7229878796301445e-001  1.9383626888064154e-001  7.6268833446966466e-001  3.8198917028363226e+001
  7.7958545963419112e-003 -4.6758665910229702e-002  8.6768122448477314e-002  1.1345563999900143e-001 -2.7423166060529947e-001 -5.2215603492777851e-001  4.5838638385135511e-001  3.8939613777198247e+001
 -2.4528740375920011e-002  7.6097129434362878e-002 -7.6487567222194186e-002 -1.0001010166337432e-001  5.7269588703179952e-001 -4.3114363107332088e-001 -8.5143300041877612e-001  3.8762873416650095e+001
  3.4337995633481722e-002 -8.4829057561202958e-002  4.3736111172702152e-002  3.2904902322625773e-003  8.9797851779392937e-002  6.4556321896370938e-001 -5.3497471465662638e-001  3.7928063392362674e+001
  9.4276211776224583e-002 -3.0231014132402301e-001  3.6336326157624832e-001 -2.4613404175102360e-001  3.9106338783053904e-002  7.5709596478471397e-001  9.5019665552718502e-001  3.8124985287926393e+001
  2.5949328948169403e-001 -9.0207850036901460e-001  1.1038262007962194e+000 -5.0877887889086248e-001 -3.9205288404963491e-002  3.6931198656637532e-001  1.9868559931095446e+000  3.9780579537298763e+001
  8.6393686029319627e-003 -4.7603896404946555e-002  9.1284964942056623e-002 -8.3762199417814542e-002 -1.6209340963158462e-002  1.0925686228302355e-001  2.0904414333592776e+000  4.2050004339587758e+001
  3.6148442138612680e-003 -4.6351966638740194e-003  8.8365944388182349e-002 -1.6332419719028168e-001 -9.4000790589662708e-002 -6.7582661936332888e-002  2.1617431755707313e+000  4.4202051531989127e+001
 -5.8428504525740443e-003 -3.7407988753912491e-002  1.4931595088878624e-001 -1.6292790069620311e-001  1.8067375301606253e-001 -4.5970940375279251e-001  1.5237521613177116e+000  4.6126232649781741e+001
  2.0733995352202328e-003 -7.9709217493331153e-003  1.0850348176120406e-002 -2.4657061608134967e-002  7.6974215925324566e-002 -1.1546132388798663e-001  9.7097867560457540e-001  4.7314086371348822e+001
 -3.2290098985754412e-005  1.1624434384316373e-004 -1.4530540791213298e-004  6.4580166696970309e-005  0.0000000000000000e+000  0.0000000000000000e+000  1.7124806937144494e+000  4.8226873703344609e+001
 -2.1181938641837705e-003  5.9622023054051176e-003 -5.8151218914486158e-003 -4.2191763488359291e-002  1.0626295753661359e-005  9.6791262151757181e-004  8.7696449094823914e-001  4.9939357626062701e+001
 -5.5663802651357841e-003  5.6380492170307051e-003  1.9143384447597001e-002  1.3031518417530918e-002 -1.8242534675442812e-001 -2.7155932917598863e-001  7.0591383068393543e-001  5.0773137778989621e+001
 -5.9479958540302746e-002  1.8793294129533678e-001 -2.0730280073617990e-001  9.9041932591429127e-002  0.0000000000000000e+000 -5.1719161779908795e-001 -2.2888043835429209e-001  5.1057313505560160e+001
  2.0569712963049103e-002 -4.7240609094020947e-002 -2.0925269223933896e-002  1.2099468859227447e-001  1.7106931097173782e-002 -4.7096025525323310e-001 -1.2536219791533805e+000  5.0331433564017061e+001
 -2.0539286809675872e-002  7.9129882929180440e-002 -1.0799214188654105e-001  3.0589523897994297e-002  9.3840703028709477e-002 -1.4076105454306018e-001 -1.8844896134902605e+000  4.8697356783944997e+001
  1.5304656641347947e-002 -5.5096763888286659e-002  6.8870954824205910e-002 -3.0609313231195756e-002  0.0000000000000000e+000  0.0000000000000000e+000 -1.7906995866332814e+001  4.6747134797071340e+001
  1.8030805364708247e-003 -4.0540473280019640e-003  2.5418952779288073e-003 -2.2916245235628407e-002 -1.2351730787870302e-004 -3.2908231229350536e-003 -2.5570905230299665e+000  2.8838608465084690e+001
 -2.8584275884671606e-003 -2.9724689976504681e-003 -2.6120307951915889e-002  1.2744755658635881e-001 -8.3940114147833922e-002 -1.2638125054410448e-001 -2.6586256042053953e+000  2.6255478284874698e+001
 -2.2408371227178225e-001  7.9545468452548107e-001 -1.0434140413543922e+000  5.9199416313667319e-001 -0.0000000000000000e+000  7.0227744591144753e-002 -2.7460413372131840e+000  2.3482027668025694e+001
 -4.2980641455623081e-002  2.2702297168056074e-001 -4.4502847592691985e-001  3.0149993609779280e-001  1.9720129709685287e-003  4.3400359488665063e-001 -2.3038702863592708e+000  2.0926165169439628e+001
 -1.4916124342750692e-002  5.7290055554432229e-002 -7.7898583303948499e-002  9.2990748697882708e-002 -2.1671392084429236e-001  3.2507088126643857e-001 -1.3782573716993103e+000  1.9098784281333792e+001
 -2.9214267276316264e-003  1.0682773722663796e-002 -1.3643332783900064e-002  6.2569472132096848e-003 -0.0000000000000000e+000 -0.0000000000000000e+000 -2.7404124126606288e+000  1.7886349966662237e+001
 -5.7956587117047320e-003  1.9376872067624618e-002 -2.1617966319183779e-002  7.8725691871994741e-003 -0.0000000000000000e+000  0.0000000000000000e+000 -5.4318065994130986e+000  1.5146312515425961e+001
 -6.4625021875741595e-003  2.3265007851961172e-002 -2.9081259774130785e-002  1.2925004316841182e-002 -0.0000000000000000e+000 -0.0000000000000000e+000 -4.7205299113130952e+000  9.7143417322367895e+000
  1.7429922876242010e-003 -3.8775593385480533e-003  2.3837055788611394e-003  5.8234054424210369e-002  2.2359447457722954e-005 -1.5390422745771017e-003 -1.1814673320662075e+000  4.9944580711307935e+000
  6.7218838118430213e-003 -5.4086761234124481e-003 -2.7804065652999199e-002 -1.5135818550825242e-002  2.3922653527018428e-001  3.5696491546177855e-001 -9.5388454481698470e-001  3.8699572491896106e+000
  7.8077845480243102e-002 -2.4589042931895122e-001  2.6971108117784759e-001 -1.2800670430201233e-001  0.0000000000000000e+000  6.9368604507095200e-001  2.7961845599438367e-001  3.4706374785891967e+000
 -2.6035988004276867e-002  6.0191906326118705e-002  2.4963418187846642e-002 -1.5358649599909735e-001 -2.3873941857827419e-002  6.2341741953738439e-001  1.6410400743949498e+000  4.4178337726916652e+000
  2.6952126863122317e-002 -1.0383770935825964e-001  1.4171472883708702e-001 -3.9319374202605673e-002 -1.2644004460469382e-001  1.8966006690704079e-001  2.4854717144636891e+000  6.5639501652767649e+000
