curve : 1
	LonAcc	  0.0000000000	  0.0186019118	  0.0000000000	  0.3562557609	 -3.3636998552	  0.3562557609	  0.8729362826	  1.5000000000	  0.2000000000	  1.0000000000	
	MaxVel	  0.0186019118	  0.9602506124	  0.3562557609	 18.3903039462	  1.5000000000	
	LonAcc	  0.9602506124	  1.0000000000	 18.3903039462	 19.1515670054	 18.3903039462	 22.1776544209	  1.5000000000	  0.8573562912	  0.2000000000	 -1.0000000000	
curve : 2
	LonAcc	  0.0000000000	  1.0000000000	 19.1515670054	 21.8859882051	 18.3903039462	 22.1776544209	  1.5000000000	  0.8573562912	  0.2000000000	 -1.0000000000	
curve : 3
	LonAcc	  0.0000000000	  0.1056690950	 21.8859882051	 22.1776544209	 18.3903039462	 22.1776544209	  1.5000000000	  0.8573562912	  0.2000000000	 -1.0000000000	
	LatAcc	  0.1056690950	  1.0000000000	 22.1776544209	 24.6461728729	  0.3000000000	 -0.5000000000	  0.1028175023	 -0.2056350045	 -0.1018578073	
curve : 4
	LatAcc	  0.0000000000	  1.0000000000	 24.6461728729	 27.2120151517	  0.3000000000	 -0.5000000000	  0.0000000000	  0.0000000000	 -0.2046753095	
curve : 5
	LatAcc	  0.0000000000	  0.9444444444	 27.2120151517	 29.8188562269	  0.3000000000	 -0.5000000000	  0.1028175023	  0.0000000000	 -0.2046753095	
	LonAcc	  0.9444444444	  1.0000000000	 29.8188562269	 29.9721998195	 29.8188562269	 33.4520824509	  0.8925858560	  1.5000000000	  0.2000000000	  1.0000000000	
curve : 6
	LonAcc	  0.0000000000	  0.8115852910	 29.9721998195	 32.1914158445	 29.8188562269	 33.4520824509	  0.8925858560	  1.5000000000	  0.2000000000	  1.0000000000	
	LonAcc	  0.8115852910	  1.0000000000	 32.1914158445	 32.7066210192	 30.9307492381	 34.4781376417	  1.5000000000	  0.9116164975	  0.2000000000	 -1.0000000000	
curve : 7
	LonAcc	  0.0000000000	  1.0000000000	 32.7066210192	 33.8411180224	 30.9307492381	 34.4781376417	  1.5000000000	  0.9116164975	  0.2000000000	 -1.0000000000	
curve : 8
	LonAcc	  0.0000000000	  0.5679064692	 33.8411180224	 34.4781376417	 30.9307492381	 34.4781376417	  1.5000000000	  0.9116164975	  0.2000000000	 -1.0000000000	
	LatAcc	  0.5679064692	  1.0000000000	 34.4781376417	 34.9628161433	  0.3000000000	 -0.5000000000	  0.0507566349	 -0.1161195977	 -0.0587222771	
curve : 9
	LatAcc	  0.0000000000	  0.8333333333	 34.9628161433	 35.8937025361	  0.3000000000	 -0.5000000000	  0.0444490913	 -0.0145459798	 -0.1240852399	
	LonAcc	  0.8333333333	  1.0000000000	 35.8937025361	 36.0798798147	 35.8937025361	 39.3827509290	  0.9243271298	  1.5000000000	  0.2000000000	  1.0000000000	
curve : 10
	LonAcc	  0.0000000000	  1.0000000000	 36.0798798147	 37.2107864338	 35.8937025361	 39.3827509290	  0.9243271298	  1.5000000000	  0.2000000000	  1.0000000000	
curve : 11
	LonAcc	  0.0000000000	  0.0556971963	 37.2107864338	 37.4001871315	 35.8937025361	 39.3827509290	  0.9243271298	  1.5000000000	  0.2000000000	  1.0000000000	
	LonAcc	  0.0556971963	  0.3884002269	 37.4001871315	 38.5315580125	 35.4176233340	 38.5315580125	  1.5000000000	  1.0022106209	  0.2000000000	 -1.0000000000	
	LatAcc	  0.3884002269	  0.8148148148	 38.5315580125	 39.9815990514	  0.3000000000	 -0.5000000000	 -0.2815539977	  0.3400542758	  0.0000000000	
	LonAcc	  0.8148148148	  1.0000000000	 39.9815990514	 40.6113291918	 39.9815990514	 43.1107874555	  0.9991619680	  1.5000000000	  0.2000000000	  1.0000000000	
curve : 12
	LonAcc	  0.0000000000	  0.1542885529	 40.6113291918	 41.0104169812	 39.9815990514	 43.1107874555	  0.9991619680	  1.5000000000	  0.2000000000	  1.0000000000	
	LonAcc	  0.1542885529	  0.9567753667	 41.0104169812	 43.0861554753	 38.9100465068	 43.0861554753	  1.5000000000	  0.7612860255	  0.2000000000	 -1.0000000000	
	LatAcc	  0.9567753667	  1.0000000000	 43.0861554753	 43.1979617177	  0.3000000000	 -0.5000000000	 -0.0562133593	 -0.1696664465	  0.0585002781	
curve : 13
	LatAcc	  0.0000000000	  0.8333333333	 43.1979617177	 45.2864425148	  0.3000000000	 -0.5000000000	  0.3300456447	 -0.2733188356	 -0.1673795277	
	LonAcc	  0.8333333333	  1.0000000000	 45.2864425148	 45.7041386742	 45.2864425148	 49.5555867879	  0.7364389253	  1.5000000000	  0.2000000000	  1.0000000000	
curve : 14
	LonAcc	  0.0000000000	  0.4193217525	 45.7041386742	 46.9022275090	 45.2864425148	 49.5555867879	  0.7364389253	  1.5000000000	  0.2000000000	  1.0000000000	
	LonAcc	  0.4193217525	  0.7422119063	 46.9022275090	 47.8247913540	 44.2488682301	 47.8247913540	  1.5000000000	  0.9053346069	  0.2000000000	 -1.0000000000	
	LatAcc	  0.7422119063	  1.0000000000	 47.8247913540	 48.5613451696	  0.3000000000	 -0.5000000000	 -0.1939032387	  0.4409460252	 -0.1106527186	
curve : 15
	LatAcc	  0.0000000000	  1.0000000000	 48.5613451696	 51.6630852700	  0.3000000000	 -0.5000000000	 -0.0139440564	  0.0576874885	  0.1363900680	
curve : 16
	LatAcc	  0.0000000000	  1.0000000000	 51.6630852700	 54.6465599088	  0.3000000000	 -0.5000000000	 -0.0446841478	  0.0286631627	  0.1801335000	
curve : 17
	LatAcc	  0.0000000000	  1.0000000000	 54.6465599088	 57.2654346516	  0.3000000000	 -0.5000000000	  0.0330998845	 -0.0532865731	  0.1641125150	
curve : 18
	LatAcc	  0.0000000000	  0.2777777778	 57.2654346516	 57.8772401646	  0.3000000000	 -0.5000000000	 -0.2903739038	  0.0108601269	  0.1439258264	
	LonAcc	  0.2777777778	  0.5456653061	 57.8772401646	 58.4672624047	 57.8772401646	 61.6955501287	  0.8501035316	  1.5000000000	  0.2000000000	  1.0000000000	
	LonAcc	  0.5456653061	  1.0000000000	 58.4672624047	 59.4679344984	 55.2389746808	 59.7991624194	  1.5000000000	  0.6526292244	  0.2000000000	 -1.0000000000	
curve : 19
	LonAcc	  0.0000000000	  0.1500309398	 59.4679344984	 59.7991624194	 55.2389746808	 59.7991624194	  1.5000000000	  0.6526292244	  0.2000000000	 -1.0000000000	
	LatAcc	  0.1500309398	  1.0000000000	 59.7991624194	 61.6756652599	  0.3000000000	 -0.5000000000	  0.4436811161	 -0.5712411581	 -0.1355879505	
curve : 20
	LatAcc	  0.0000000000	  0.3888888889	 61.6756652599	 62.5340194765	  0.3000000000	 -0.5000000000	 -0.1054994296	  0.3160445822	 -0.2631479925	
	LonAcc	  0.3888888889	  1.0000000000	 62.5340194765	 63.8828618170	 62.5340194765	 66.7185301872	  0.7590755665	  1.5000000000	  0.2000000000	  1.0000000000	
curve : 21
	LonAcc	  0.0000000000	  1.0000000000	 63.8828618170	 66.0934193489	 62.5340194765	 66.7185301872	  0.7590755665	  1.5000000000	  0.2000000000	  1.0000000000	
curve : 22
	LonAcc	  0.0000000000	  0.1475102527	 66.0934193489	 66.7185301872	 62.5340194765	 66.7185301872	  0.7590755665	  1.5000000000	  0.2000000000	  1.0000000000	
	MaxVel	  0.1475102527	  0.6068457191	 66.7185301872	 68.6650767713	  1.5000000000	
	LonAcc	  0.6068457191	  1.0000000000	 68.6650767713	 70.3311643665	 68.6650767713	 72.7689075388	  1.5000000000	  0.7800433918	  0.2000000000	 -1.0000000000	
curve : 23
	LonAcc	  0.0000000000	  1.0000000000	 70.3311643665	 72.5024827317	 68.6650767713	 72.7689075388	  1.5000000000	  0.7800433918	  0.2000000000	 -1.0000000000	
curve : 24
	LonAcc	  0.0000000000	  0.1218231283	 72.5024827317	 72.7689075388	 68.6650767713	 72.7689075388	  1.5000000000	  0.7800433918	  0.2000000000	 -1.0000000000	
	LatAcc	  0.1218231283	  1.0000000000	 72.7689075388	 74.6894632394	  0.3000000000	 -0.5000000000	  0.1210766439	 -0.2421532878	 -0.1202095490	
curve : 25
	LatAcc	  0.0000000000	  1.0000000000	 74.6894632394	 76.7662946990	  0.3000000000	 -0.5000000000	  0.0000000000	  0.0000000000	 -0.2412861929	
curve : 26
	LatAcc	  0.0000000000	  0.8333333333	 76.7662946990	 78.5887784555	  0.3000000000	 -0.5000000000	  0.1210766439	  0.0000000000	 -0.2412861929	
	LonAcc	  0.8333333333	  1.0000000000	 78.5887784555	 78.9532752068	 78.5887784555	 82.7825280002	  0.7566374179	  1.5000000000	  0.2000000000	  1.0000000000	
curve : 27
	LonAcc	  0.0000000000	  1.0000000000	 78.9532752068	 81.1245935720	 78.5887784555	 82.7825280002	  0.7566374179	  1.5000000000	  0.2000000000	  1.0000000000	
curve : 28
	LonAcc	  0.0000000000	  0.0840479473	 81.1245935720	 82.7825280002	 78.5887784555	 82.7825280002	  0.7566374179	  1.5000000000	  0.2000000000	  1.0000000000	
	MaxVel	  0.0840479473	  0.9740168382	 82.7825280002	100.3381032567	  1.5000000000	
	LonAcc	  0.9740168382	  1.0000000000	100.3381032567	100.8506485350	100.3381032567	104.0049978961	  1.5000000000	  0.8850096860	  0.2000000000	 -1.0000000000	
curve : 29
	LonAcc	  0.0000000000	  1.0000000000	100.8506485350	103.6688316902	100.3381032567	104.0049978961	  1.5000000000	  0.8850096860	  0.2000000000	 -1.0000000000	
curve : 30
	LonAcc	  0.0000000000	  0.1189077824	103.6688316902	104.0049978961	100.3381032567	104.0049978961	  1.5000000000	  0.8850096860	  0.2000000000	 -1.0000000000	
	LatAcc	  0.1189077824	  1.0000000000	104.0049978961	106.4959486294	  0.3000000000	 -0.5000000000	  0.0941462047	 -0.1882924095	 -0.0938486996	
curve : 31
	LatAcc	  0.0000000000	  1.0000000000	106.4959486294	109.2553061734	  0.3000000000	 -0.5000000000	  0.0000000000	  0.0000000000	 -0.1879949043	
curve : 32
	LatAcc	  0.0000000000	  0.8333333333	109.2553061734	111.6112369561	  0.3000000000	 -0.5000000000	  0.0941462047	  0.0000000000	 -0.1879949043	
	LonAcc	  0.8333333333	  1.0000000000	111.6112369561	112.0824231126	111.6112369561	115.4012338380	  0.8567387275	  1.5000000000	  0.2000000000	  1.0000000000	
curve : 33
	LonAcc	  0.0000000000	  1.0000000000	112.0824231126	114.9006062678	111.6112369561	115.4012338380	  0.8567387275	  1.5000000000	  0.2000000000	  1.0000000000	
curve : 34
	LonAcc	  0.0000000000	  0.0749652812	114.9006062678	115.4012338380	111.6112369561	115.4012338380	  0.8567387275	  1.5000000000	  0.2000000000	  1.0000000000	
	MaxVel	  0.0749652812	  1.0000000000	115.4012338380	121.5787319544	  1.5000000000	
curve : 35
	MaxVel	  0.0000000000	  1.0000000000	121.5787319544	134.8177420994	  1.5000000000	
curve : 36
	MaxVel	  0.0000000000	  0.9681283436	134.8177420994	145.9545907754	  1.5000000000	
	LonAcc	  0.9681283436	  1.0000000000	145.9545907754	146.3212258565	145.9545907754	149.5575449894	  1.5000000000	  0.8993432684	  0.2000000000	 -1.0000000000	
curve : 37
	LonAcc	  0.0000000000	  1.0000000000	146.3212258565	149.2023102358	145.9545907754	149.5575449894	  1.5000000000	  0.8993432684	  0.2000000000	 -1.0000000000	
curve : 38
	LonAcc	  0.0000000000	  0.1226769451	149.2023102358	149.5575449894	145.9545907754	149.5575449894	  1.5000000000	  0.8993432684	  0.2000000000	 -1.0000000000	
	LatAcc	  0.1226769451	  1.0000000000	149.5575449894	152.0980030910	  0.3000000000	 -0.5000000000	  0.0908162373	 -0.1816324746	 -0.0903580786	
curve : 39
	LatAcc	  0.0000000000	  1.0000000000	152.0980030910	154.8723241469	  0.3000000000	 -0.5000000000	  0.0000000000	  0.0000000000	 -0.1811743159	
curve : 40
	LatAcc	  0.0000000000	  0.8333333333	154.8723241469	157.2854015263	  0.3000000000	 -0.5000000000	  0.0908162373	  0.0000000000	 -0.1811743159	
	LonAcc	  0.8333333333	  1.0000000000	157.2854015263	157.7680170021	157.2854015263	161.0053571424	  0.8729362826	  1.5000000000	  0.2000000000	  1.0000000000	
curve : 41
	LonAcc	  0.0000000000	  1.0000000000	157.7680170021	160.6491013815	157.2854015263	161.0053571424	  0.8729362826	  1.5000000000	  0.2000000000	  1.0000000000	
